3.07125 1.5504e-41 3.07125 1.5504e-41 2.21253e-38 0 2.21253e-38 0 2.15342e-38 0 -1.23207e-38 1.14328e-26 4.63369e-08 4.84717e-08 6.08376e+22 7.08726e+28 7.34354e-07 1.64129e-10 2.17198e-38 0 -1.23207e-38 1.00943e-22 3344.25 4.40721e+13 3.09873e+32 1.68216e+08 1.75588e+25 -1.06667e+37 2.20253e-38 0 2.20825e-38 0 -1.23207e-38 -1.23207e-38 2.56273e+29 1.16256e+27 9.56477e-06 1.16604e-10 1.85224e+28 1.51848e-19 2.19853e-38 0 -1.23207e-38 -1.23348e-38 5.78536e+22 7.56442e+28 6.00793e+28 1.93502e-19 6.67995e-07 2.87939e-41 
-1.23461e-38 0 2.18435e-38 0 -1.23207e-38 -2.83044e+22 195.016 3.25775e+09 3220.46 1.51847e-19 7.70559e+14 2.01962e-19 2.19204e-38 0 -1.23207e-38 0 1.07111e-08 725764 201.157 10254.3 1.12878e+27 1.10062e+13 1.10129e+13 1.70476e-19 7.55629e+31 1.14333e+27 8.69784e-18 1.6371e-10 1.85224e+28 1.51848e-19 2.20941e-38 0 -1.23207e-38 3.31337e-29 1.55528e+28 4.62374e+30 5.97653e-07 -1.06495e+37 2.20256e-38 0 2.2117e-38 0 -1.23207e-38 3.31337e-29 6.43777e+28 3878.34 1.94313e-19 6.41014e-10 1.09958e+21 1.78845e+22 
200.333 2.01595e-19 2.24965e+20 1.80591e+28 9.12014e+23 1.06925e-38 6.928e-39 -3.79351e+37 6.92804e-39 -3.79363e+37 6.92814e-39 -3.79365e+37 6.92819e-39 -3.79372e+37 2.9905e-40 0 2.0089e-38 0 3.07078 1.5504e-41 0 0 0 0 -1.23207e-38 3.31339e-29 6.43777e+28 3878.34 1.94313e-19 6.44694e-10 52.8331 200.333 6.03886e+28 7.50361e+28 4.5442e+30 2.01961e-19 2.24965e+20 1.80591e+28 2.1644e-38 0 -1.23207e-38 3.71092e-29 1.52923e+31 657207 5.0931e+07 1.64576e-19 4.61724e+24 7.00819e+28 9.22458e-39 7.09787e+28 
7.34354e-07 1.64129e-10 2.15005e-38 0 -1.23207e-38 3.85575e-29 7.74919e-07 2.23474e+11 6.34835e+28 4.54389e+30 4.4652e+30 -3.78833e+37 2.20259e-38 0 2.19209e-38 0 -1.23207e-38 1.14328e-26 4.63369e-08 4.84717e-08 6.08376e+22 1.63711e-10 1.85224e+28 1.51848e-19 2.19981e-38 0 -1.23207e-38 1.00943e-22 3344.25 4.40721e+13 3.09873e+32 1.68216e+08 1.75588e+25 3.63861e-41 -1.23461e-38 0 2.15637e-38 0 -1.23207e-38 -1.23348e-38 5.78536e+22 7.56442e+28 6.00793e+28 1.93502e-19 6.67995e-07 -1.06599e+37 6.9304e-39 -3.79503e+37 2.16131e-38 0 
-1.23207e-38 -2.83044e+22 195.016 3.25775e+09 3220.46 3.10301e+27 1.75588e+25 -1.06667e+37 2.18748e-38 0 -1.23207e-38 0 1.07111e-08 725764 201.157 10254.3 1.12878e+27 1.10062e+13 1.50991e-19 799876 1.8512e+28 1.1579e+27 2.05318e-19 -1.06498e+37 6.932e-39 -3.79624e+37 2.19446e-38 0 -1.23207e-38 3.31337e-29 1.55528e+28 4.62374e+30 5.97653e-07 2.47952e+27 1.75588e+25 -1.06667e+37 2.19466e-38 0 -1.23207e-38 3.31337e-29 6.43777e+28 3878.34 1.94313e-19 6.41014e-10 1.09958e+21 1.78845e+22 200.27 7.13057e+31 2.05025e-10 7.39822e+31 
2.21173e-38 0 -1.23207e-38 3.31337e-29 6.43777e+28 3878.34 1.94313e-19 6.41014e-10 1.09958e+21 1.78845e+22 200.27 1.67773e+08 1.75588e+25 -1.06667e+37 2.20943e-38 0 -1.23207e-38 3.31337e-29 2.56273e+29 1.16256e+27 9.56477e-06 1.08596e-19 1.07175e-08 5.03576e+13 2.20395e-38 0 -1.23207e-38 3.31339e-29 6.43777e+28 3878.34 1.94313e-19 6.44708e-10 52.8331 200.27 6.03886e+28 7.50361e+28 4.5442e+30 6.74148e+22 2.24966e+20 4.86173e+30 2.21061e-38 0 -1.23207e-38 3.31339e-29 6.43777e+28 3878.34 1.94313e-19 6.44694e-10 52.8331 200.27 
6.03886e+28 7.50361e+28 4.5442e+30 1.81773e+31 1.6179e+25 2.02776e-19 2.17766e-38 0 -1.23207e-38 3.31339e-29 6.43777e+28 3878.34 1.94313e-19 6.44694e-10 52.8331 200.27 6.03886e+28 7.50361e+28 4.5442e+30 1.83237e-19 1.07175e-08 3.18171e+12 2.2007e-38 0 -1.23207e-38 3.31339e-29 6.43777e+28 3878.34 1.94313e-19 6.40999e-10 1.09958e+21 1.78845e+22 200.27 1.64325e-19 8.85267e+14 8.63829e+11 2.12035e-38 0 -1.23207e-38 3.31341e-29 6.43777e+28 3878.34 1.94313e-19 6.44694e-10 1.09958e+21 1.78845e+22 200.27 7.17213e+22 6.88782e-39 -3.81235e+37 
2.20685e-38 0 -1.23207e-38 3.31342e-29 6.43777e+28 3878.34 1.94313e-19 6.44708e-10 52.8331 200.27 6.03886e+28 7.50361e+28 4.5442e+30 0 -1.23465e-38 6.99143e-26 2.17593e-38 0 -1.23207e-38 3.71092e-29 1.52923e+31 657207 5.0931e+07 1.64576e-19 4.61724e+24 7.00819e+28 9.22458e-39 0 1.07111e-08 11.076 2.18809e-38 0 -1.23207e-38 3.85575e-29 7.74919e-07 2.23474e+11 6.34835e+28 4.54389e+30 4.4652e+30 6.98748e-26 1.61706e+25 2.8299e+20 2.14862e-38 0 -1.23207e-38 1.14328e-26 4.63369e-08 4.84717e-08 6.08376e+22 1.55544e-43 
-1.23465e-38 1.00943e-22 2.11076e-38 0 -1.23207e-38 1.00943e-22 3344.25 4.40721e+13 3.09873e+32 1.68216e+08 1.75588e+25 3.63861e-41 -1.23465e-38 0 2.0751e-38 0 -1.23207e-38 -1.23348e-38 5.78536e+22 7.56442e+28 6.00793e+28 1.93502e-19 6.67995e-07 -1.06599e+37 2.20299e-38 0 2.15397e-38 0 -1.23207e-38 -2.83044e+22 195.016 3.25775e+09 3220.46 7.18501e+22 6.88782e-39 -3.8257e+37 2.1945e-38 0 -1.23207e-38 0 1.07111e-08 725764 201.157 10254.3 1.12878e+27 1.10062e+13 1.50991e-19 799876 1.8512e+28 1.1579e+27 
2.05318e-19 1.79857e-41 1.07111e-08 1.49241e-19 2.14059e-38 0 -1.23207e-38 3.31337e-29 1.55528e+28 4.62374e+30 5.97653e-07 2.53903e+30 1.13116e+21 -3.82154e+37 2.21199e-38 0 -1.23207e-38 3.31337e-29 2.56273e+29 1.16256e+27 9.56477e-06 1.47814e+20 7.00771e+28 9.22458e-39 2.20391e-38 0 -1.23207e-38 3.31339e-29 6.43777e+28 3878.34 1.94313e-19 6.44708e-10 52.8331 200.27 6.03886e+28 7.50361e+28 4.5442e+30 0 -1.23465e-38 0 2.21202e-38 0 -1.23207e-38 3.31339e-29 6.43777e+28 3878.34 1.94313e-19 6.44694e-10 52.8331 200.27 
6.03886e+28 7.50361e+28 4.5442e+30 0 -1.23465e-38 5.5329e+07 2.21201e-38 0 -1.23207e-38 3.31339e-29 6.43777e+28 3878.34 1.94313e-19 6.44694e-10 52.8331 200.27 6.03886e+28 7.50361e+28 4.5442e+30 9.22445e-39 6.96374e-39 -3.85623e+37 2.20518e-38 0 -1.23207e-38 3.31341e-29 6.43777e+28 3878.34 1.94313e-19 6.44694e-10 1.09958e+21 1.78845e+22 200.27 -3.85478e+37 6.96524e-39 -3.85859e+37 2.20818e-38 0 -1.23207e-38 3.31342e-29 6.43777e+28 3878.34 1.94313e-19 6.44708e-10 52.8331 200.27 6.03886e+28 7.50361e+28 4.5442e+30 6.03883e+28 
7.50361e+28 4.5442e+30 2.12566e-38 0 -1.23207e-38 3.71092e-29 1.52923e+31 657207 5.0931e+07 1.64576e-19 4.61724e+24 7.00819e+28 9.22458e-39 8.89223e-15 4.33605e-14 1.75492e+25 2.18008e-38 0 -1.23207e-38 3.85575e-29 7.74919e-07 2.23474e+11 6.34835e+28 4.54389e+30 4.4652e+30 1.4013e-43 -1.23465e-38 0 2.17577e-38 0 -1.23207e-38 1.14328e-26 4.63369e-08 4.84717e-08 6.08376e+22 2.0583e-19 7.34704e+28 160.474 2.10528e-38 0 -1.23207e-38 1.00943e-22 3344.25 4.40721e+13 3.09873e+32 1.68216e+08 1.75588e+25 2.53217e-29 2.56273e+29 1.00782e+27 
2.07966e-38 0 -1.23207e-38 -1.23207e-38 2.56273e+29 1.16256e+27 9.56477e-06 1.90871e-41 1.07111e-08 2819.08 2.19855e-38 0 -1.23207e-38 -1.23348e-38 5.78536e+22 7.56442e+28 6.00793e+28 1.93502e-19 6.67995e-07 3.78715e+22 6.97966e-39 -3.89758e+37 2.20108e-38 0 -1.23207e-38 -2.83044e+22 195.016 3.25775e+09 3220.46 6.44619e-10 6.98273e-39 -3.90147e+37 2.19388e-38 0 -1.23208e-38 0 1.07111e-08 725764 201.157 10254.3 1.12878e+27 164006 2.44816e+32 2.0279e-19 7.55629e+31 1.14333e+27 3.79108e+22 -3.90464e+37 6.98875e-39 -3.91702e+37 
2.20089e-38 0 -1.23208e-38 3.31337e-29 1.55528e+28 4.62374e+30 5.97653e-07 4.66346e-10 1.97535e+31 2.01082e-19 2.21225e-38 0 -1.23208e-38 3.31337e-29 2.56273e+29 1.16256e+27 9.56477e-06 -1.06511e+37 2.16378e-38 0 2.2001e-38 0 -1.23208e-38 3.71092e-29 1.52923e+31 657207 5.0931e+07 1.64576e-19 4.61724e+24 7.00819e+28 9.22458e-39 1.8512e+28 1.1579e+27 1.05056e-38 2.21259e-38 0 -1.23208e-38 3.71182e-29 1.15618e+33 2.57826e-09 1.77326e+28 1.96721e-10 9.11455e-12 1.6598e-07 2.10244e-38 0 -1.23208e-38 3.85576e-29 7.74919e-07 2.23474e+11 
6.34835e+28 4.54389e+30 4.4652e+30 1.4013e-43 -1.23467e-38 0 2.17385e-38 0 -1.23208e-38 1.14328e-26 4.63369e-08 4.84717e-08 6.08376e+22 1.71925e+22 3.63763e-41 -3.9207e+37 2.16318e-38 0 -1.23208e-38 1.00943e-22 3344.25 4.40721e+13 3.09873e+32 1.68216e+08 1.75588e+25 1.08756e-19 1.67821e-07 1.96686e-10 2.16506e-38 0 -1.23208e-38 -1.23208e-38 2.56273e+29 1.16256e+27 9.56477e-06 1.90871e-41 -1.23467e-38 1.7875e-30 2.21115e-38 0 -1.23208e-38 -1.23208e-38 2.56273e+29 1.16256e+27 9.56477e-06 1.58714e+29 1.06893e-38 -3.92222e+37 2.20144e-38 0 
-1.23208e-38 -2.83044e+22 195.016 3.25775e+09 3220.46 2.63303e+20 6.66846e-10 7.34569e-07 2.1746e-38 0 -1.23208e-38 0 1.07111e-08 725764 201.157 10254.3 1.12878e+27 1.07483e+10 2564.58 7.15555e+22 1.07677e+10 2.07055e-19 6.86636e-44 -3.92536e+37 2.16974e-38 0 -1.23208e-38 3.31337e-29 1.55528e+28 4.62374e+30 5.97653e-07 3.36038e+07 1.68056e+08 1.09948e+21 2.16982e-38 0 -1.23208e-38 3.31337e-29 2.56273e+29 1.16256e+27 9.56477e-06 1.01138e-28 6.56157e+28 1.0764e+21 2.17248e-38 0 -1.23208e-38 3.71092e-29 1.52923e+31 657207 
5.0931e+07 1.64576e-19 4.61724e+24 7.00819e+28 9.22458e-39 -3.92906e+37 2.19403e-38 0 2.18046e-38 0 -1.23208e-38 3.85575e-29 7.74919e-07 2.23474e+11 6.34835e+28 4.54389e+30 4.4652e+30 -3.92125e+37 2.16017e-38 0 2.19437e-38 0 -1.23208e-38 -1.23208e-38 2.56273e+29 1.16256e+27 9.56477e-06 -1.06511e+37 2.19779e-38 0 2.17081e-38 0 -1.23208e-38 0 1.07111e-08 725764 201.157 10254.3 1.12878e+27 1.07483e+10 2564.58 7.15555e+22 1.07677e+10 2.07055e-19 700.003 1.46644e-19 2.20977e-38 0 -1.23208e-38 3.31337e-29 
1.55528e+28 4.62374e+30 5.97653e-07 -1.06495e+37 2.18564e-38 0 2.20769e-38 0 -1.23208e-38 0 1.07111e-08 725764 201.157 10254.3 1.12878e+27 1.07483e+10 2564.58 7.15555e+22 1.07677e+10 2.07055e-19 -1.2306e-38 0 2.20852e-38 0 -1.23208e-38 3.31337e-29 1.55528e+28 4.62374e+30 5.97653e-07 3.96724e+28 7.39968e+20 1.07864e+24 2.18781e-38 0 -1.23208e-38 3.71092e-29 1.52923e+31 657207 5.0931e+07 1.64576e-19 4.61724e+24 7.00819e+28 9.22458e-39 2.63305e+20 6.66448e-10 2.35341e+20 2.18979e-38 0 -1.23208e-38 0 
1.07111e-08 725764 201.157 10254.3 1.12878e+27 1.07483e+10 2564.58 7.15555e+22 1.07677e+10 2.07055e-19 1.93971e-19 6.44607e-10 2.20882e-38 0 -1.23208e-38 3.31337e-29 1.55528e+28 4.62374e+30 5.97653e-07 1.37641e+11 1.30986e+10 214.184 2.12677e-38 0 -1.23208e-38 0 1.07111e-08 725764 201.157 10254.3 1.12878e+27 1.07483e+10 2564.58 7.15555e+22 1.07677e+10 2.07055e-19 4.53583e+30 6.82948e+22 2.2081e-38 0 -1.23208e-38 3.31337e-29 1.55528e+28 4.62374e+30 5.97653e-07 1.72906e-41 1.07111e-08 1.84763e+08 2.11346e-38 0 
-1.23208e-38 3.85575e-29 7.74919e-07 2.23474e+11 6.34835e+28 4.54389e+30 4.4652e+30 3.53018e-29 6.31663e+22 1.90964e-19 2.17082e-38 0 -1.23208e-38 0 1.07111e-08 725764 201.157 10254.3 1.12878e+27 1.07483e+10 2564.58 7.15555e+22 1.07677e+10 2.07055e-19 6.97957e-39 -3.97423e+37 2.19967e-38 0 -1.23208e-38 3.31337e-29 1.55528e+28 4.62374e+30 5.97653e-07 1.0858e-19 1.72618e+25 6.03888e+28 2.16403e-38 0 -1.23208e-38 3.85575e-29 7.74919e-07 2.23474e+11 6.34835e+28 4.54389e+30 4.4652e+30 1.90584e-19 7.21444e+22 1.63459e+25 2.17461e-38 0 
-1.23208e-38 0 1.07111e-08 728.847 1.50922e-19 2.66799e+20 2.07025e-19 4.95693e+33 1.99431e-19 1.8448e+28 1.84655e+25 9.47656e+21 3.99664e-41 -3.97686e+37 2.20633e-38 0 -1.23208e-38 1.09982e-24 1.07111e-08 728.847 1.50922e-19 2.66799e+20 2.07025e-19 4.95693e+33 1.99431e-19 1.8448e+28 1.84655e+25 1.62806e+32 1.02315e-38 -3.97757e+37 2.17276e-38 0 -1.23208e-38 0 1.07111e-08 46644.2 5.45744e+07 1.7303e-19 7.34704e+28 160.474 4.84146e+30 6.97799e+22 2.53691e+32 2.44658e+32 1.02315e-38 -3.9782e+37 2.21298e-38 0 -1.23208e-38 0 
1.07111e-08 46644.2 5.45744e+07 1.7303e-19 1.70476e-19 4.763e+30 2.06211e-19 7.58799e+31 4.74008e+30 4.53585e+30 7.02398e-39 -3.97915e+37 2.12469e-38 0 -1.23208e-38 0 1.07111e-08 46644.2 5.22151e+07 7.55157e+31 2.79473e+20 1.93459e-19 2.79089e+29 1.80174e+31 1.8512e+28 1.1579e+27 1.05056e-38 0 1.07111e-08 1.84763e+08 2.20657e-38 0 -1.23208e-38 0 1.07111e-08 46644.2 5.22151e+07 7.55157e+31 2.79473e+20 1.93459e-19 2.79089e+29 1.80174e+31 1.8512e+28 1.1579e+27 1.05056e-38 2.00222e-19 7.71475e+31 1.8512e+28 2.17443e-38 0 
-1.23208e-38 0 1.07111e-08 46644.2 5.22151e+07 197.282 6.03886e+28 7.50361e+28 4.5442e+30 2.05316e-19 2.74834e+20 7.0067e+22 2.17444e-38 0 -1.23208e-38 0 1.07111e-08 46644.2 5.22151e+07 197.282 6.03886e+28 7.50361e+28 4.5442e+30 1.83194e-19 1.07175e-08 45876.2 2.15195e-38 0 -1.23208e-38 0 1.07111e-08 46644.2 5.22151e+07 1.79836e-19 2.11814e+11 1.8512e+28 1.1579e+27 1.05056e-38 7.00771e+28 9.22458e-39 2.17445e-38 0 -1.23208e-38 0 1.07111e-08 46644.2 5.22151e+07 1.7982e-19 7.55629e+31 1.14333e+27 
4.1037e-41 -3.99191e+37 2.19683e-38 0 2.12245e-38 0 -1.23208e-38 0 1.07111e-08 1.53483e-19 4.763e+30 2.06211e-19 2.02712e+08 1.8512e+28 1.1579e+27 1.05056e-38 2.17223e-38 0 2.19397e-38 0 -1.23208e-38 0 1.07111e-08 1.53483e-19 4.763e+30 2.06211e-19 1.70476e-19 4.763e+30 2.06211e-19 7.58799e+31 4.74008e+30 -3.98771e+37 7.03371e-39 -3.99526e+37 2.20677e-38 0 -1.23208e-38 0 1.07111e-08 1.53483e-19 4.763e+30 2.06211e-19 7.21432e+22 7.1447e+31 41060.4 4.54066e+24 2.06158e-19 7.55629e+31 1.14333e+27 -1.06709e+37 
2.1885e-38 0 2.18957e-38 0 -1.23208e-38 0 1.07111e-08 1.53483e-19 4.763e+30 2.06211e-19 7.21432e+22 7.1447e+31 41060.4 4.54066e+24 2.06158e-19 7.55629e+31 1.14333e+27 8220.6 852484 1.53605e-19 2.12935e-38 0 -1.23208e-38 0 1.07111e-08 1.53483e-19 4.763e+30 2.06211e-19 799828 1.8512e+28 1.1579e+27 1.05056e-38 6.09104e-39 -4.00563e+37 2.14753e-38 0 -1.23209e-38 0 1.07111e-08 4.24273e-08 2.76144e-06 6.05425e+22 7.86747e+34 1.8512e+28 1.1579e+27 2.05318e-19 9.04195e-39 -4.00764e+37 2.18718e-38 0 
2.1377e-38 0 -1.23209e-38 3.31336e-29 2.56273e+29 1.00782e+27 9.56477e-06 2.42178e+24 2.06158e-19 6.7113e+22 2.12742e-38 0 -1.23209e-38 0 1.07111e-08 4.24273e-08 2.76144e-06 208.126 1.59928e+34 1.81787e+31 6.50311e+28 1.07679e+10 1.0694e-38 -4.00922e+37 2.20841e-38 0 2.133e-38 0 -1.23209e-38 0 1.07111e-08 4.24273e-08 2.76144e-06 1.55614e+28 4.58328e+30 1.69308e+22 2.79327e+20 4.30562e+21 6.03888e+28 7.50361e+28 4.5442e+30 2.68634e-06 6.97956e-39 -4.01382e+37 2.18739e-38 0 -1.23209e-38 0 1.07111e-08 4.24273e-08 
2.76144e-06 1.55614e+28 4.58328e+30 1.69308e+22 2.79327e+20 4.30562e+21 6.03888e+28 7.50361e+28 4.5442e+30 1.93639e+31 1.69265e+22 6.5562e-10 2.151e-38 0 -1.23209e-38 0 1.07111e-08 4.24273e-08 2.76144e-06 3202.01 160.286 4.84146e+30 6.97799e+22 -4.00433e+37 2.155e-38 0 2.13301e-38 0 -1.23209e-38 0 1.07111e-08 4.24273e-08 2.76144e-06 3202.01 160.286 4.84146e+30 6.97799e+22 -4.02094e+37 2.1554e-38 0 2.16899e-38 0 -1.23209e-38 0 1.07111e-08 4.24273e-08 2.76144e-06 3.57557e+12 3140.57 6.03886e+28 
7.50361e+28 4.5442e+30 7.04981e-39 -4.02842e+37 2.16622e-38 0 -1.23209e-38 0 1.07111e-08 4.24273e-08 2.76144e-06 3.48967e+12 1.8512e+28 1.1579e+27 1.05056e-38 1.72308e+11 1.84922e+31 1.92046e+31 2.18566e-38 0 -1.23209e-38 0 1.07111e-08 6.78837e-07 2.76086e-06 6.05425e+22 7.86747e+34 1.8512e+28 1.1579e+27 2.05318e-19 9.04195e-39 3.03365e+32 7.00831e+28 -4.03754e+37 2.19683e-38 0 -1.23209e-38 3.85571e-29 7.74919e-07 9.24857e-44 6.84785e+34 4.4383e+27 2.20624e-38 0 -1.23209e-38 1.14327e-26 8.80536e+11 1.06225e-05 56096.2 1.90014e+08 
8.56663e-39 160.451 4.84146e+30 6.97799e+22 2.18682e-38 0 -1.23209e-38 0 1.07111e-08 6.78837e-07 2.76086e-06 208.126 1.59928e+34 1.81787e+31 6.50311e+28 1.07679e+10 1.0694e-38 3.03365e+32 7.00831e+28 208.126 2.10056e-38 0 -1.23209e-38 0 1.07111e-08 6.78836e-07 7.55157e+31 2.79473e+20 1.93459e-19 2.79089e+29 1.80174e+31 1.8512e+28 1.1579e+27 1.05056e-38 2.05318e-19 1.91817e-19 2.2064e-38 0 -1.23209e-38 1.14327e-26 8.80536e+11 1.06225e-05 56096.2 1.90014e+08 8.56663e-39 -4.0471e+37 2.21273e-38 0 2.18942e-38 0 
-1.23209e-38 0 1.07111e-08 6.78836e-07 7.55157e+31 2.79473e+20 1.93459e-19 2.79089e+29 1.80174e+31 1.8512e+28 1.1579e+27 1.05056e-38 6.97957e-39 -4.04759e+37 2.16637e-38 0 -1.23209e-38 0 1.07111e-08 6.78837e-07 2.76086e-06 3202.01 160.286 4.84146e+30 6.97799e+22 3.02971e+32 7.00831e+28 9.15368e+11 2.16638e-38 0 -1.23209e-38 0 1.07111e-08 6.78837e-07 2.76086e-06 3202.01 160.286 4.84146e+30 6.97799e+22 1.15574e+27 2.05318e-19 1.91817e-19 2.16639e-38 0 -1.23209e-38 0 1.07111e-08 6.78837e-07 2.76086e-06 3.57557e+12 
3140.57 6.03886e+28 7.50361e+28 4.5442e+30 6.84785e+34 4.4383e+27 2.16639e-38 0 -1.23209e-38 0 1.07111e-08 6.78837e-07 2.76086e-06 3.48967e+12 1.8512e+28 1.1579e+27 1.05056e-38 -4.04974e+37 2.20864e-38 0 2.07443e-38 0 -1.23209e-38 0 1.07111e-08 1.53483e-19 4.763e+30 2.06211e-19 2.02712e+08 1.8512e+28 1.1579e+27 1.05056e-38 9.43571e+26 7.55508e+31 2.19484e-38 0 -1.23209e-38 3.31337e-29 2.56273e+29 1.00782e+27 9.56477e-06 1.90871e-41 -1.23523e-38 0 2.20527e-38 0 -1.23209e-38 0 1.07111e-08 1.53483e-19 
4.763e+30 2.06211e-19 1.70476e-19 4.763e+30 2.06211e-19 7.58799e+31 4.74008e+30 -4.03756e+37 2.20867e-38 0 2.1871e-38 0 -1.23209e-38 3.31337e-29 2.56273e+29 1.00782e+27 9.56477e-06 1.08596e-19 200013 3.03365e+32 2.20531e-38 0 -1.23209e-38 0 1.07111e-08 1.53483e-19 4.763e+30 2.06211e-19 7.21432e+22 7.1447e+31 41060.4 4.54066e+24 2.06158e-19 7.55629e+31 1.14333e+27 6.21131e+26 2.05318e-19 1.91817e-19 2.19491e-38 0 -1.23209e-38 3.31337e-29 2.56273e+29 1.00782e+27 9.56477e-06 3.78403e+22 6.97966e-39 -4.05408e+37 2.19411e-38 0 
-1.23209e-38 0 1.07111e-08 1.53483e-19 4.763e+30 2.06211e-19 7.21432e+22 7.1447e+31 41060.4 4.54066e+24 2.06158e-19 7.55629e+31 1.14333e+27 2.54415e+30 6.97799e+22 2.37381e-09 2.20934e-38 0 -1.23209e-38 3.31337e-29 2.56273e+29 1.00782e+27 9.56477e-06 2.4799e+27 1.8512e+28 1.1579e+27 2.20535e-38 0 -1.23209e-38 0 1.07111e-08 1.53483e-19 4.763e+30 2.06211e-19 1.70483e-19 7.55629e+31 1.14333e+27 -1.06709e+37 2.19006e-38 0 2.2082e-38 0 -1.23209e-38 3.31337e-29 2.56273e+29 1.00782e+27 9.56477e-06 1.08596e-19 200013 3.03365e+32 
2.19413e-38 0 -1.23209e-38 0 1.07111e-08 1.53483e-19 4.763e+30 2.06211e-19 1.70483e-19 7.55629e+31 1.14333e+27 4.1037e-41 6.11691e+31 1.07661e+10 2.20538e-38 0 -1.23209e-38 0 1.07111e-08 1.53483e-19 4.763e+30 2.06211e-19 656709 1.78106e-19 7.55629e+31 1.14333e+27 -4.1037e-41 0 6.11691e+31 1.07661e+10 2.20949e-38 0 -1.23209e-38 3.31337e-29 2.56273e+29 1.00782e+27 9.56477e-06 1.19403e-07 7.06918e-39 -4.06666e+37 2.20542e-38 0 -1.23209e-38 0 1.07111e-08 1.53483e-19 4.763e+30 2.06211e-19 1.83149e+25 1.05135e+07 
6.03887e+28 7.50361e+28 4.5442e+30 4.30559e+21 6.03888e+28 7.50361e+28 2.1767e-38 0 -1.23209e-38 3.31337e-29 2.56273e+29 1.00782e+27 9.56477e-06 1.90871e-41 6.11691e+31 1.07661e+10 2.19389e-38 0 -1.23209e-38 0 1.07111e-08 1.62982e-10 1.61163e-10 1.64801e-10 1.50095e-19 4.763e+30 2.06211e-19 2.02712e+08 1.8512e+28 1.1579e+27 1.05056e-38 1.07661e+10 6.71271e+22 4.74282e+30 2.21163e-38 0 -1.23209e-38 3.31337e-29 1.55528e+28 4.62374e+30 5.97653e-07 -1.06495e+37 2.18383e-38 0 2.19566e-38 0 -1.23209e-38 3.71092e-29 1.52923e+31 657207 
5.0931e+07 1.64576e-19 4.61724e+24 7.00819e+28 9.22458e-39 9.3397e-09 7.07313e-39 -4.07044e+37 2.11202e-38 0 -1.23209e-38 3.85575e-29 7.74919e-07 2.23474e+11 6.34835e+28 4.54389e+30 4.4652e+30 1.36903e+10 3.84506e+30 6.82949e+22 2.20928e-38 0 -1.23209e-38 3.85576e-29 7.74919e-07 1.16139e-11 1.68089e+08 6.86086e+22 2.75992e+20 3.97355e+28 9.11569e-12 1.6598e-07 2.1908e-38 0 -1.23209e-38 1.14328e-26 4.63369e-08 4.84717e-08 6.08376e+22 -4.07079e+37 2.13518e-38 0 2.1306e-38 0 -1.23209e-38 1.00943e-22 3344.25 4.40721e+13 3.09873e+32 1.68216e+08 
1.75588e+25 1.08756e-19 7.34704e+28 2.96023e+21 2.16721e-38 0 -1.23209e-38 -1.23348e-38 5.78536e+22 7.56442e+28 6.00793e+28 1.93502e-19 6.67995e-07 1.08686e-19 1.07175e-08 7.43263e+08 2.16385e-38 0 -1.23209e-38 0 1.07111e-08 1.62982e-10 1.61163e-10 1.64801e-10 1.50095e-19 4.763e+30 2.06211e-19 1.70476e-19 4.763e+30 2.06211e-19 7.58799e+31 4.74008e+30 1.71365e-07 45110.2 2.21148e-38 0 -1.23209e-38 3.31337e-29 1.55528e+28 4.62374e+30 5.97653e-07 -1.06495e+37 2.21047e-38 0 2.1857e-38 0 -1.23209e-38 3.85575e-29 7.74919e-07 2.23474e+11 
6.34835e+28 4.54389e+30 4.4652e+30 1.92526e+31 1.8512e+28 1.1579e+27 2.1768e-38 0 -1.23209e-38 0 1.07111e-08 1.62982e-10 1.50094e-19 4.763e+30 2.06211e-19 7.21432e+22 7.1447e+31 41060.4 4.54066e+24 2.06158e-19 7.55629e+31 1.14333e+27 3.97524e+28 4.5442e+30 844.627 -1.06472e+37 2.19519e-38 0 -1.23209e-38 3.31337e-29 1.55528e+28 4.62374e+30 5.97653e-07 1.0858e-19 1.7148e-07 45110.2 2.20937e-38 0 -1.23209e-38 3.85576e-29 7.74919e-07 1.16139e-11 1.68089e+08 6.86086e+22 2.75992e+20 -1.06664e+37 2.1923e-38 0 2.19418e-38 0 
-1.23209e-38 0 1.07111e-08 1.62982e-10 1.50094e-19 4.763e+30 2.06211e-19 7.21432e+22 7.1447e+31 41060.4 4.54066e+24 2.06158e-19 7.55629e+31 1.14333e+27 4.1037e-41 0 -1.23536e-38 0 2.21191e-38 0 -1.23209e-38 3.31337e-29 1.55528e+28 4.62374e+30 5.97653e-07 3.96724e+28 7.50361e+28 4.5442e+30 2.20857e-38 0 -1.23209e-38 3.85576e-29 7.74919e-07 1.16139e-11 1.68089e+08 6.86086e+22 2.75992e+20 1.08753e-19 1.07175e-08 46646.2 2.19419e-38 0 -1.23209e-38 0 1.07111e-08 1.62982e-10 1.61163e-10 1.64801e-10 1.50095e-19 4.763e+30 
2.06211e-19 1.70483e-19 7.55629e+31 1.14333e+27 -4.1037e-41 0 2.68244e-06 1.83195e-19 2.19856e-38 0 -1.23209e-38 -1.23348e-38 5.78536e+22 7.56442e+28 6.00793e+28 1.93502e-19 6.67995e-07 -1.06599e+37 7.08665e-39 -4.08757e+37 2.2115e-38 0 -1.23209e-38 0 1.07111e-08 1.62982e-10 1.61163e-10 1.64801e-10 1.50095e-19 4.763e+30 2.06211e-19 1.70483e-19 7.55629e+31 1.14333e+27 1.19625e-07 717651 2.57952e-09 3.78254e-39 2.20421e-38 0 -1.23209e-38 0 1.07111e-08 1.62982e-10 1.61163e-10 1.64801e-10 1.50095e-19 4.763e+30 2.06211e-19 656709 
1.78106e-19 7.55629e+31 1.14333e+27 6.64055e-24 60676 1.78845e+22 2.19421e-38 0 -1.23209e-38 0 1.07111e-08 1.62982e-10 1.61163e-10 1.64801e-10 1.50095e-19 4.763e+30 2.06211e-19 1.83149e+25 1.05135e+07 6.03887e+28 7.50361e+28 4.5442e+30 -1.23547e-38 0 2.18088e-38 0 -1.2321e-38 0 1.61706e+25 2.8299e+20 3202.03 160.286 4.84146e+30 6.97799e+22 2.0583e-19 7.68307e+31 2.09895e-38 0 -1.2321e-38 0 1.07111e-08 1.51789e-19 4.763e+30 2.06211e-19 2.02712e+08 1.8512e+28 1.1579e+27 1.05056e-38 50464.4 1.7973e-19 
2.19424e-38 0 -1.2321e-38 0 1.07111e-08 1.51789e-19 4.763e+30 2.06211e-19 1.70476e-19 4.763e+30 2.06211e-19 7.58799e+31 4.74008e+30 4.83295e+30 6.97799e+22 2.53691e+32 2.19425e-38 0 -1.2321e-38 0 1.07111e-08 1.51789e-19 4.763e+30 2.06211e-19 7.21432e+22 7.1447e+31 41060.4 4.54066e+24 2.06158e-19 7.55629e+31 1.14333e+27 4.1037e-41 1.0059e+27 7.13222e+28 2.18919e-38 0 -1.2321e-38 0 1.07111e-08 1.51789e-19 4.763e+30 2.06211e-19 7.21432e+22 7.1447e+31 41060.4 4.54066e+24 2.06158e-19 7.55629e+31 1.14333e+27 -1.06709e+37 
2.14336e-38 0 2.1763e-38 0 -1.2321e-38 0 1.07111e-08 1.51789e-19 4.763e+30 2.06211e-19 1.70483e-19 7.55629e+31 1.14333e+27 526118 1.8512e+28 1.1579e+27 2.13188e-38 0 -1.2321e-38 0 1.07111e-08 1.51789e-19 4.763e+30 2.06211e-19 1.70483e-19 7.55629e+31 1.14333e+27 2.54415e+30 6.97799e+22 2.53691e+32 2.16675e-38 0 -1.2321e-38 0 1.07111e-08 1.51789e-19 4.763e+30 2.06211e-19 656709 1.78106e-19 7.55629e+31 1.14333e+27 -4.1037e-41 0 1.0059e+27 7.13222e+28 2.15714e-38 0 -1.2321e-38 0 
1.07111e-08 1.51789e-19 4.763e+30 2.06211e-19 1.83149e+25 1.05135e+07 6.03887e+28 7.50361e+28 4.5442e+30 -4.10808e+37 7.09874e-39 -4.10812e+37 7.09878e-39 -4.10813e+37 7.09881e-39 -4.10814e+37 2.87548e-40 0 2.0089e-38 0 3.07078 1.5504e-41 0 0 0 0 -1.2321e-38 0 1.07111e-08 1.67529e-10 1.56027e-19 4.763e+30 2.06211e-19 2.02712e+08 1.8512e+28 1.1579e+27 1.05056e-38 200.27 6.03886e+28 7.50361e+28 2.20491e-38 0 -1.2321e-38 0 1.07111e-08 1.67529e-10 1.56027e-19 4.763e+30 2.06211e-19 7.71475e+31 
1.83087e+25 7.8657e+34 800002 3.07343e+29 1.92838e+31 1.83045e+25 9.31247e-39 6.88943e+22 160.455 4.84146e+30 2.20509e-38 0 -1.2321e-38 0 1.07111e-08 1.67529e-10 1.56027e-19 4.763e+30 2.06211e-19 1.70483e-19 7.55629e+31 1.14333e+27 3.79108e+22 2.53691e+32 50464.4 1.7973e-19 2.17219e-38 0 -1.2321e-38 0 1.07111e-08 1.67529e-10 1.56027e-19 4.763e+30 2.06211e-19 1.70483e-19 7.55629e+31 1.14333e+27 6.21131e+26 7.13222e+28 160.428 4.84146e+30 2.16071e-38 0 -1.2321e-38 0 1.07111e-08 1.67529e-10 1.56027e-19 4.763e+30 
2.06211e-19 656709 1.78106e-19 7.55629e+31 1.14333e+27 4.1037e-41 -1.23548e-38 0 2.20513e-38 0 -1.2321e-38 0 1.07111e-08 1.67529e-10 1.56027e-19 4.763e+30 2.06211e-19 1.83149e+25 1.05135e+07 6.03887e+28 7.50361e+28 4.5442e+30 7.10254e-39 -4.11256e+37 2.16473e-38 0 -1.2321e-38 0 1.07111e-08 1.67529e-10 1.56027e-19 4.763e+30 2.06211e-19 7.71475e+31 4.2303e+21 2.63363e+20 1.07693e+10 2564.58 7.15555e+22 40.1127 1.07864e+24 -1.0634e+37 7.10417e-39 -4.11798e+37 2.13915e-38 0 -1.2321e-38 0 1.04201e-08 4.07892e-08 
1.49241e-19 2.88944e+29 2.07012e-19 2.02712e+08 1.8512e+28 1.1579e+27 1.05056e-38 799877 1.8512e+28 1.1579e+27 2.20127e-38 0 -1.2321e-38 0 1.04201e-08 4.07892e-08 1.49241e-19 2.88944e+29 2.07012e-19 7.71475e+31 1.83087e+25 7.8657e+34 800002 3.07343e+29 1.92838e+31 1.83045e+25 9.31247e-39 799877 1.8512e+28 1.1579e+27 2.20172e-38 0 -1.2321e-38 0 1.04201e-08 4.07892e-08 1.49241e-19 2.88944e+29 2.07012e-19 1.70483e-19 7.55629e+31 1.14333e+27 3.79108e+22 2.53691e+32 50464.4 1.7973e-19 2.18984e-38 0 -1.2321e-38 0 
1.04201e-08 4.07892e-08 1.49241e-19 2.88944e+29 2.07012e-19 1.70483e-19 7.55629e+31 1.14333e+27 6.21131e+26 7.13222e+28 160.428 4.84146e+30 2.11737e-38 0 -1.2321e-38 0 1.04201e-08 4.07892e-08 1.49241e-19 2.88944e+29 2.07012e-19 656709 1.78106e-19 7.55629e+31 1.14333e+27 4.1037e-41 1.0059e+27 7.13222e+28 0 0 -1.2321e-38 0 1.04201e-08 4.07892e-08 1.49241e-19 2.88944e+29 2.07012e-19 1.83149e+25 1.05135e+07 6.03887e+28 7.50361e+28 4.5442e+30 -1.23547e-38 0 2.20062e-38 0 -1.2321e-38 0 1.04201e-08 160.188 
1.90474e+31 164306 1.38954e-11 7.03756e+28 4.46435e+30 208.127 1.59928e+34 1.81787e+31 3.84508e+30 6.82949e+22 -1.23547e-38 0 2.15725e-38 0 -1.2321e-38 0 6.34493e+28 6.97764e+22 0.000195802 44853.2 6.78837e-07 0.000194815 1.6797e+08 4.74235e+30 6.03888e+28 7.50361e+28 4.5442e+30 1.13116e+21 -1.23547e-38 0 2.19265e-38 0 -1.2321e-38 3.25414e-29 1.52923e+31 7.15474e+22 1.07805e-08 1.08656e-19 3.61216e+12 1.8512e+28 2.09171e-38 0 -1.2321e-38 3.31337e-29 1.55528e+28 4.62374e+30 2.33458e-09 4.42611e-39 1.0059e+27 7.13222e+28 
2.18863e-38 0 -1.2321e-38 3.7114e-29 6.03544e+28 1.11632e+30 2.66608e-09 4.06864e+31 1.14333e+27 8.69784e-18 2.19057e-38 0 -1.2321e-38 3.7114e-29 6.03544e+28 1.11632e+30 2.69518e-09 3.97497e+28 160.428 4.84146e+30 2.21252e-38 0 -1.2321e-38 3.71141e-29 2.39826e+20 1.78628e+25 1.18377e+22 6.66524e-10 1.55517e+28 2.86171e+23 2.17644e-38 0 -1.2321e-38 3.71141e-29 4.12017e+30 4.46551e+30 160.435 4.4254e-39 1.0059e+27 7.13222e+28 2.19892e-38 0 -1.2321e-38 4.05401e-29 2.46743e+20 4.41001e+13 11091.6 6.62828e-10 1.14123e+27 -1.06709e+37 
